01110000
01010000
00000000
00000101
01000110
00000011
00101011
01111000
01010000
00000011
00000101
01010001
00000011
01110000
00000101
01101000
00001100
00100101
01010001
00000000
00000101
01010010
00000000
00100111
00000101
01111000
01010001
00000010
00000101
01101000
00001100
01010011
00000000
00100101
00000101
01010100
00000000
00100111
00000101
01110100
01010010
00000010
00000101
01101000
00001100
01010101
00000000
00100101
00000101
01010110
00000000
00100111
00000101
01110010
01010011
00000010
00000101
01100001
00000000
00000110
00100000
01100010
00000000
00000110
00100010
01100001
00000010
00000110
00011111
01100011
00000000
00000110
00100000
01100100
00000000
00000110
00100010
01100010
00000010
00000110
00011111
01100101
00000000
00000110
00100000
01100110
00000000
00000110
00100010
01100011
00000010
00000110
00011111
01100110
00001110
01010010
00000011
00100101
00000101
01010011
00000011
00100111
00000101
01110100
01010100
00000011
00000101
01100010
00000011
00000110
00100000
01100011
00000011
00000110
00100010
01100100
00000011
00000110
00011111
01001000
01110111
11001000
01111101
00110111
00111110
01001000
01111101
01010000
00000000
00001100
00000100
10110000
10000111
10111000
01110111
01001000
10000111
01100001
00000000
00000110
00100000
01100010
00000000
00000110
00100010
01100001
00000010
00000110
00011110
01100011
00000000
00000110
00100000
01100100
00000000
00000110
00100010
01100010
00000010
00000110
00011110
01100101
00000000
00000110
00100000
01100110
00000000
00000110
00100010
01100011
00000010
00000110
00011110
01010011
00000000
00000100
01010101
00000000
00000101
01010100
00000000
00000100
01010110
00000000
00000101
01010001
00000000
00000100
01010011
00000000
00000101
01010010
00000000
00000100
01010100
00000000
00000101
01010000
00000011
00000100
00101000
01010001
00000000
00000100
00100000
01010010
00000000
00000100
00100010
00110000
10110000
11011000
00101000
01010000
00000011
00000101
01001000
11011000
00101001
01000011
00001000
10110000
11101011
00101001
01000011
00000100
10110000
11110110
00101001
01000011
00000010
10110001
00000001
11100001
00001100
01001000
11101011
00100001
00110001
01000010
00001111
01010001
00000000
00000101
11100001
00010101
01001000
11110110
00100001
00111111
01000010
00001111
01010001
00000000
00000101
11100001
00010101
01001000
100000001
00100011
00110001
01000010
00001111
01010010
00000000
00000101
11100001
00010101
01001000
100001100
00100011
00111111
01000010
00001111
01010010
00000000
00000101
01001000
100010101
01100001
00000000
00000110
00100000
01100010
00000000
00000110
00100010
01100001
00000010
00000110
00011111
01100011
00000000
00000110
00100000
01100100
00000000
00000110
00100010
01100010
00000010
00000110
00011111
01100101
00000000
00000110
00100000
01100110
00000000
00000110
00100010
01100011
00000010
00000110
00011111
01010000
00000000
00000100
01000000
00000001
01010000
00000000
00000101
01000010
00000011
10110000
01110111
11100000
01111101
